step s beta gamma beta_gamma x y z t px py pz pt
0 0 0.99999996737668118 3914.9023671183672 3914.9022394012595 0 0 0 0 0 0 3914.9022394012595 -3914.9023671183672
1 0 0.99999996737668118 3914.9023671183672 3914.9022394012595 0 0 0 0 0 0 3914.9022394012595 -3914.9023671183672
2 0.27000000000000002 0.99999996737668118 3914.9023671183672 3914.9022394012595 0 0 0.27000000000000002 0.27000000880829639 0 0 3914.9022394012595 -3914.9023671183672
3 0.54000000000000004 0.99999996737668118 3914.9023671183672 3914.9022394012595 0 0 0.54000000000000004 0.54000001761659278 0 0 3914.9022394012595 -3914.9023671183672
4 0.81000000000000005 0.99999996737668118 3914.9023671183672 3914.9022394012595 0 0 0.81000000000000005 0.81000002642488922 0 0 3914.9022394012595 -3914.9023671183672
5 1.0800000000000001 0.99999996737668118 3914.9023671183672 3914.9022394012595 0 0 1.0800000000000001 1.0800000352331856 0 0 3914.9022394012595 -3914.9023671183672
6 1.3500000000000001 0.99999996737668118 3914.9023671183672 3914.9022394012595 0 0 1.3500000000000001 1.3500000440414819 0 0 3914.9022394012595 -3914.9023671183672
7 1.6200000000000001 0.99999996737668118 3914.9023671183672 3914.9022394012595 0 0 1.6200000000000001 1.6200000528497782 0 0 3914.9022394012595 -3914.9023671183672
8 1.8900000000000001 0.99999996737668118 3914.9023671183672 3914.9022394012595 0 0 1.8900000000000001 1.8900000616580745 0 0 3914.9022394012595 -3914.9023671183672
9 2.1600000000000001 0.99999996737668118 3914.9023671183672 3914.9022394012595 0 0 2.1600000000000001 2.1600000704663711 0 0 3914.9022394012595 -3914.9023671183672
10 2.4300000000000002 0.99999996737668118 3914.9023671183672 3914.9022394012595 0 0 2.4300000000000002 2.4300000792746674 0 0 3914.9022394012595 -3914.9023671183672
11 2.7000000000000002 0.99999996737668118 3914.9023671183672 3914.9022394012595 0 0 2.7000000000000002 2.7000000880829638 0 0 3914.9022394012595 -3914.9023671183672
12 2.71 0.99999996737668118 3914.9023671183672 3914.9022394012595 0 0 2.71 2.7100000884091968 0 0 3914.9022394012595 -3914.9023671183672
13 2.7199999999999998 0.99999996737668118 3914.9023671183672 3914.9022394012595 0 0 2.7199999999999998 2.7200000887354299 0 0 3914.9022394012595 -3914.9023671183672
14 2.7299999999999995 0.99999996737668118 3914.9023671183672 3914.9022394012595 0 0 2.7299999999999995 2.7300000890616629 0 0 3914.9022394012595 -3914.9023671183672
15 2.7399999999999993 0.99999996737668118 3914.9023671183672 3914.9022394012595 0 0 2.7399999999999993 2.740000089387896 0 0 3914.9022394012595 -3914.9023671183672
16 2.7499999999999991 0.99999996737668118 3914.9023671183672 3914.9022394012595 0 0 2.7499999999999991 2.750000089714129 0 0 3914.9022394012595 -3914.9023671183672
17 2.7599999999999989 0.99999996737668118 3914.9023671183672 3914.9022394012595 0 0 2.7599999999999989 2.7600000900403621 0 0 3914.9022394012595 -3914.9023671183672
18 2.7699999999999987 0.99999996737668118 3914.9023671183672 3914.9022394012595 0 0 2.7699999999999987 2.7700000903665951 0 0 3914.9022394012595 -3914.9023671183672
19 2.7799999999999985 0.99999996737668118 3914.9023671183672 3914.9022394012595 0 0 2.7799999999999985 2.7800000906928282 0 0 3914.9022394012595 -3914.9023671183672
20 2.7899999999999983 0.99999996737668118 3914.9023671183672 3914.9022394012595 0 0 2.7899999999999983 2.7900000910190612 0 0 3914.9022394012595 -3914.9023671183672
21 2.799999999999998 0.99999996737668118 3914.9023671183672 3914.9022394012595 0 0 2.799999999999998 2.8000000913452943 0 0 3914.9022394012595 -3914.9023671183672
22 2.9399999999999982 0.99999996737668118 3914.9023671183672 3914.9022394012595 0 0 2.9399999999999982 2.9400000959125592 0 0 3914.9022394012595 -3914.9023671183672
23 3.0799999999999983 0.99999996737668118 3914.9023671183672 3914.9022394012595 0 0 3.0799999999999983 3.0800001004798241 0 0 3914.9022394012595 -3914.9023671183672
24 3.2199999999999984 0.99999996737668118 3914.9023671183672 3914.9022394012595 0 0 3.2199999999999984 3.220000105047089 0 0 3914.9022394012595 -3914.9023671183672
25 3.3599999999999985 0.99999996737668118 3914.9023671183672 3914.9022394012595 0 0 3.3599999999999985 3.3600001096143539 0 0 3914.9022394012595 -3914.9023671183672
26 3.4999999999999987 0.99999996737668118 3914.9023671183672 3914.9022394012595 0 0 3.4999999999999987 3.5000001141816188 0 0 3914.9022394012595 -3914.9023671183672
27 3.6399999999999988 0.99999996737668118 3914.9023671183672 3914.9022394012595 0 0 3.6399999999999988 3.6400001187488837 0 0 3914.9022394012595 -3914.9023671183672
28 3.7799999999999989 0.99999996737668118 3914.9023671183672 3914.9022394012595 0 0 3.7799999999999989 3.7800001233161487 0 0 3914.9022394012595 -3914.9023671183672
29 3.919999999999999 0.99999996737668118 3914.9023671183672 3914.9022394012595 0 0 3.919999999999999 3.9200001278834136 0 0 3914.9022394012595 -3914.9023671183672
30 4.0599999999999987 0.99999996737668118 3914.9023671183672 3914.9022394012595 0 0 4.0599999999999987 4.0600001324506785 0 0 3914.9022394012595 -3914.9023671183672
31 4.1999999999999984 0.99999996737668118 3914.9023671183672 3914.9022394012595 0 0 4.1999999999999984 4.2000001370179429 0 0 3914.9022394012595 -3914.9023671183672
32 4.219999999999998 0.99999996737668118 3914.9023671183672 3914.9022394012595 0 0 4.219999999999998 4.220000137670409 0 0 3914.9022394012595 -3914.9023671183672
33 4.2399999999999975 0.99999996737668118 3914.9023671183672 3914.9022394012595 0 0 4.2399999999999975 4.2400001383228751 0 0 3914.9022394012595 -3914.9023671183672
34 4.2599999999999971 0.99999996737668118 3914.9023671183672 3914.9022394012595 0 0 4.2599999999999971 4.2600001389753412 0 0 3914.9022394012595 -3914.9023671183672
35 4.2799999999999967 0.99999996737668118 3914.9023671183672 3914.9022394012595 0 0 4.2799999999999967 4.2800001396278073 0 0 3914.9022394012595 -3914.9023671183672
36 4.2999999999999963 0.99999996737668118 3914.9023671183672 3914.9022394012595 0 0 4.2999999999999963 4.3000001402802734 0 0 3914.9022394012595 -3914.9023671183672
37 4.3199999999999958 0.99999996737668118 3914.9023671183672 3914.9022394012595 0 0 4.3199999999999958 4.3200001409327395 0 0 3914.9022394012595 -3914.9023671183672
38 4.3399999999999954 0.99999996737668118 3914.9023671183672 3914.9022394012595 0 0 4.3399999999999954 4.3400001415852056 0 0 3914.9022394012595 -3914.9023671183672
39 4.359999999999995 0.99999996737668118 3914.9023671183672 3914.9022394012595 0 0 4.359999999999995 4.3600001422376717 0 0 3914.9022394012595 -3914.9023671183672
40 4.3799999999999946 0.99999996737668118 3914.9023671183672 3914.9022394012595 0 0 4.3799999999999946 4.3800001428901378 0 0 3914.9022394012595 -3914.9023671183672
41 4.3999999999999941 0.99999996737668118 3914.9023671183672 3914.9022394012595 0 0 4.3999999999999941 4.4000001435426039 0 0 3914.9022394012595 -3914.9023671183672
42 4.5399999999999938 0.99999996737668118 3914.9023671183672 3914.9022394012595 0 0 4.5399999999999938 4.5400001481098684 0 0 3914.9022394012595 -3914.9023671183672
43 4.6799999999999935 0.99999996737668118 3914.9023671183672 3914.9022394012595 0 0 4.6799999999999935 4.6800001526771329 0 0 3914.9022394012595 -3914.9023671183672
44 4.8199999999999932 0.99999996737668118 3914.9023671183672 3914.9022394012595 0 0 4.8199999999999932 4.8200001572443973 0 0 3914.9022394012595 -3914.9023671183672
45 4.9599999999999929 0.99999996737668118 3914.9023671183672 3914.9022394012595 0 0 4.9599999999999929 4.9600001618116618 0 0 3914.9022394012595 -3914.9023671183672
46 5.0999999999999925 0.99999996737668118 3914.9023671183672 3914.9022394012595 0 0 5.0999999999999925 5.1000001663789263 0 0 3914.9022394012595 -3914.9023671183672
47 5.2399999999999922 0.99999996737668118 3914.9023671183672 3914.9022394012595 0 0 5.2399999999999922 5.2400001709461907 0 0 3914.9022394012595 -3914.9023671183672
48 5.3799999999999919 0.99999996737668118 3914.9023671183672 3914.9022394012595 0 0 5.3799999999999919 5.3800001755134552 0 0 3914.9022394012595 -3914.9023671183672
49 5.5199999999999916 0.99999996737668118 3914.9023671183672 3914.9022394012595 0 0 5.5199999999999916 5.5200001800807197 0 0 3914.9022394012595 -3914.9023671183672
50 5.6599999999999913 0.99999996737668118 3914.9023671183672 3914.9022394012595 0 0 5.6599999999999913 5.6600001846479842 0 0 3914.9022394012595 -3914.9023671183672
51 5.7999999999999909 0.99999996737668118 3914.9023671183672 3914.9022394012595 0 0 5.7999999999999909 5.8000001892152486 0 0 3914.9022394012595 -3914.9023671183672
52 5.8099999999999907 0.99999996737668118 3914.9023671183672 3914.9022394012595 0 0 5.8099999999999907 5.8100001895414817 0 0 3914.9022394012595 -3914.9023671183672
53 5.8199999999999905 0.99999996737668118 3914.9023671183672 3914.9022394012595 0 0 5.8199999999999905 5.8200001898677147 0 0 3914.9022394012595 -3914.9023671183672
54 5.8299999999999903 0.99999996737668118 3914.9023671183672 3914.9022394012595 0 0 5.8299999999999903 5.8300001901939478 0 0 3914.9022394012595 -3914.9023671183672
55 5.8399999999999901 0.99999996737668118 3914.9023671183672 3914.9022394012595 0 0 5.8399999999999901 5.8400001905201808 0 0 3914.9022394012595 -3914.9023671183672
56 5.8499999999999899 0.99999996737668118 3914.9023671183672 3914.9022394012595 0 0 5.8499999999999899 5.8500001908464139 0 0 3914.9022394012595 -3914.9023671183672
57 5.8599999999999897 0.99999996737668118 3914.9023671183672 3914.9022394012595 0 0 5.8599999999999897 5.8600001911726469 0 0 3914.9022394012595 -3914.9023671183672
58 5.8699999999999894 0.99999996737668118 3914.9023671183672 3914.9022394012595 0 0 5.8699999999999894 5.87000019149888 0 0 3914.9022394012595 -3914.9023671183672
59 5.8799999999999892 0.99999996737668118 3914.9023671183672 3914.9022394012595 0 0 5.8799999999999892 5.880000191825113 0 0 3914.9022394012595 -3914.9023671183672
60 5.889999999999989 0.99999996737668118 3914.9023671183672 3914.9022394012595 0 0 5.889999999999989 5.8900001921513461 0 0 3914.9022394012595 -3914.9023671183672
61 5.8999999999999888 0.99999996737668118 3914.9023671183672 3914.9022394012595 0 0 5.8999999999999888 5.9000001924775791 0 0 3914.9022394012595 -3914.9023671183672
62 6.1699999999999893 0.99999996737668118 3914.9023671183672 3914.9022394012595 0 0 6.1699999999999893 6.1700002012858759 0 0 3914.9022394012595 -3914.9023671183672
63 6.4399999999999888 0.99999996737668118 3914.9023671183672 3914.9022394012595 0 0 6.4399999999999888 6.4400002100941727 0 0 3914.9022394012595 -3914.9023671183672
64 6.7099999999999884 0.99999996737668118 3914.9023671183672 3914.9022394012595 0 0 6.7099999999999884 6.7100002189024694 0 0 3914.9022394012595 -3914.9023671183672
65 6.979999999999988 0.99999996737668118 3914.9023671183672 3914.9022394012595 0 0 6.979999999999988 6.9800002277107662 0 0 3914.9022394012595 -3914.9023671183672
66 7.2499999999999876 0.99999996737668118 3914.9023671183672 3914.9022394012595 0 0 7.2499999999999876 7.250000236519063 0 0 3914.9022394012595 -3914.9023671183672
67 7.5199999999999871 0.99999996737668118 3914.9023671183672 3914.9022394012595 0 0 7.5199999999999871 7.5200002453273598 0 0 3914.9022394012595 -3914.9023671183672
68 7.7899999999999867 0.99999996737668118 3914.9023671183672 3914.9022394012595 0 0 7.7899999999999867 7.7900002541356566 0 0 3914.9022394012595 -3914.9023671183672
69 8.0599999999999863 0.99999996737668118 3914.9023671183672 3914.9022394012595 0 0 8.0599999999999863 8.0600002629439533 0 0 3914.9022394012595 -3914.9023671183672
70 8.3299999999999859 0.99999996737668118 3914.9023671183672 3914.9022394012595 0 0 8.3299999999999859 8.3300002717522492 0 0 3914.9022394012595 -3914.9023671183672
71 8.5999999999999854 0.99999996737668118 3914.9023671183672 3914.9022394012595 0 0 8.5999999999999854 8.6000002805605451 0 0 3914.9022394012595 -3914.9023671183672
72 8.5999999999999854 0.99999996737668118 3914.9023671183672 3914.9022394012595 0 0 8.5999999999999854 8.6000002805605451 0 0 3914.9022394012595 -3914.9023671183672
